6.407763283921679154e-01 2.554477003741451591e-01
1.262798806097580051e-01 3.933103144263075390e-01
6.205178600766766417e-01 6.408660082216040277e-02
2.211809585363627428e-01 7.128206035123758610e-01
7.349883520705058348e-01 2.127662248653200139e-01
2.922622300190760858e-01 7.652528197389714126e-01
2.414318447062245021e-01 7.883723965761677555e-01
8.581925876329794811e-02 4.943717581045635190e-01
3.720898136412078561e-01 9.090566658504996012e-01
5.810993620671096593e-01 7.400092170396409541e-01
6.125255875269710604e-01 1.169741854510754769e-01
2.213095529457743404e-01 3.374033314670175643e-01
5.667602399579172584e-02 3.403654199841898431e-01
3.353089494780623903e-01 8.966230863420110442e-01
4.815235586928074407e-01 6.874142166387677833e-01
7.003857181993882186e-01 2.532404182415144978e-01
7.251108865354408684e-01 2.590133761252904065e-01
2.756823210654511525e-01 7.917566572875819331e-01
8.199465951781086392e-01 1.430116378466091687e-01
6.157671444258006055e-01 6.412538714320521471e-01
7.173200197228724040e-01 1.783865716073637919e-01
2.359058702228875593e-01 8.412935728539703284e-01
6.174209225259186251e-01 2.274067616440476336e-01
6.220814588695652292e-01 7.783972461169813561e-01
3.196553607627502513e-01 8.911117153605091490e-01
3.712921803959149947e-01 7.359038503789629981e-01
7.130595158793103794e-01 2.484803866879080614e-01
6.455855306724936904e-01 1.424261022509638042e-01
4.137498190423300470e-01 8.889237980684612239e-01
4.046858944215950826e-01 8.448343777130431498e-01
8.197177354403502036e-01 2.530575341143052603e-01
2.838489982830951219e-01 8.669575807658171929e-01
8.360688152762629777e-01 2.357189164657416125e-01
4.403888250958388206e-01 6.737163829091287193e-01
3.018837983708037020e-01 9.183290989697771023e-01
2.730863441466337971e-01 7.917916049014639412e-01
4.031007271047288842e-01 8.670904219187892670e-01
2.240017922757895352e-01 8.163570925076452101e-01
4.973323102287111608e-01 6.000444548909041886e-01
9.065903908727344085e-01 1.881751700655452941e-01
5.803370916602627050e-01 1.651150447732307180e-01
3.585772488406221981e-01 7.311101109900089989e-01
2.541405823130453157e-01 8.698975998997425796e-01
1.443611059424091403e-01 4.437289869374853035e-01
6.107268977063649018e-01 1.347090781119103797e-01
5.082115198998422567e-01 2.244237025073363978e-01
4.225476299342730835e-01 6.011313321056758197e-01
4.537170467941002983e-01 5.546734249521314553e-01
2.814163536506454899e-01 8.766406067097700650e-01
2.217560837527316198e-01 8.078849222200821245e-01
3.264411710533390854e-01 8.439324335867304239e-01
7.950960738753554136e-01 1.883648453673292811e-01
5.236124976239394657e-01 6.148099510498287179e-01
3.199967957683485520e-01 9.131027836285232624e-01
8.062174640113670687e-01 2.356248617624894515e-01
7.218494907142797290e-01 2.005490385831177891e-01
4.680218433074314066e-01 6.350101902398668230e-01
6.929419629495071620e-01 2.554521445679614478e-01
2.226608051380267184e-01 3.862094681320820677e-01
6.008195331511768655e-01 6.500808805721848271e-01
7.795409453857873872e-02 4.328436127786327581e-01
5.077849795145408240e-01 6.723010767680007715e-01
5.378541167627487463e-01 1.427816828766478030e-01
4.975888861156675391e-01 5.999179335934450297e-01
3.056093333490959019e-01 8.223417916750256351e-01
1.915196387991451865e-01 3.907436181967888222e-01
6.431970398135936628e-01 1.141924370227043600e-01
5.944435886439621841e-01 1.704943516971745565e-01
8.045960511975575047e-01 3.309046761726015980e-03
9.067314995426696278e-01 1.595554860992253465e-01
7.744576068056380214e-01 1.905379140917582148e-01
5.498589324283321700e-01 6.698961091541111301e-01
5.806110883793144106e-01 6.090568789201133981e-01
6.993917795889107447e-01 2.155552382113510856e-01
2.218722895456451960e-01 7.943996796549290806e-01
5.613836314706787123e-01 6.730812483956290226e-02
6.149652639995779602e-01 1.708562462597480736e-01
2.814202443060760950e-01 8.100286154629676716e-01
3.985495784527593455e-01 9.747281225801011084e-01
2.262023110746050059e-01 7.820211863239884265e-01
6.803170625377195080e-01 1.015165436817699468e-01
3.253521372551995694e-01 8.714449649901138129e-01
3.256697701116215149e-01 8.493412169096216102e-01
6.295260887761666702e-01 6.933766667678964435e-01
1.811496703024615962e-01 7.504503156684139142e-01
6.697767776008819451e-01 1.022273628480488417e-01
6.834855317350965187e-01 2.271593776719442459e-01
2.429985485797580280e-01 7.375005972452487457e-01
6.976395115243713141e-01 2.097234951461536823e-01
4.330563718024626474e-01 1.853354935621390198e-01
3.207879775314484982e-01 8.603784498219102517e-01
4.998529056118283798e-01 6.212315255322601315e-01
3.686870650985189513e-01 7.838724933260069472e-01
7.836228410900395458e-01 2.087006632223747660e-01
5.991356690278528685e-01 1.459677480351738721e-01
2.779632925776702734e-01 7.814291509598264573e-01
2.580673429305799238e-01 8.707812598583746233e-01
3.660905184076543306e-01 9.157976121036629502e-01
5.492773751890710487e-01 6.758747435660500402e-01
3.395438033100666719e-01 8.563022146666865453e-01
2.520581662074350970e-01 7.946813150528203584e-01
2.563941690427017361e-01 6.952168888557597182e-01
5.905461026629647003e-01 1.631109796660701883e-01
3.141670345401377240e-01 7.721965851092172928e-01
2.145154195435394484e-01 7.641709186063668779e-01
2.015178962368107396e-01 4.051984073172320011e-01
6.461273213161738971e-01 1.098491869557087636e-01
2.880307567433099125e-01 7.436984224050049441e-01
7.786355619161280384e-01 2.276140096160987891e-01
3.873566619345164552e-01 9.059802975588205909e-01
6.841398007375526502e-01 1.975244870266927022e-01
3.699558572473824469e-01 8.288678388867218860e-01
1.462824644215981185e-01 3.784420441369404919e-01
6.815190137855460240e-01 1.838821208502707805e-01
6.658061241090772464e-01 2.185842841590441843e-01
7.058687637210255827e-01 2.336081123063839249e-01
6.993464792308706768e-01 1.684712483897846391e-01
5.255022976115283351e-01 5.861410392132527791e-01
7.390546585006853020e-01 1.782108427139619811e-01
6.670085275734659591e-01 1.935741540696858110e-01
7.796081360719542275e-01 1.184352598518837729e-01
5.678700858225782522e-01 5.719035621643727696e-01
3.768448995215349373e-01 8.054518111915303091e-01
7.102611587839153806e-01 2.841274582311608121e-01
3.915557456771106559e-01 9.393704009794253684e-01
3.655105290039879495e-01 9.142008171064797128e-01
2.713813194535164564e-01 4.042276808959731071e-01
2.148075206572778451e-01 6.892019195542218313e-01
6.987006524162999721e-01 1.667632980595254999e-01
7.927941722077367359e-01 1.876547369084933248e-01
7.120305698183769794e-01 1.866558673809933511e-01
2.111676669898231995e-01 4.015186248057922569e-01
2.316899904257292697e-01 7.575531090975362591e-01
4.269577057404936871e-01 1.000000000000000000e+00
5.394791202374747963e-01 6.695979942416079300e-01
4.059294943931490152e-01 8.953005578454384938e-01
4.986590142362373190e-01 1.667707098562958012e-01
5.676504434412129596e-01 6.077495095635402356e-01
8.312941103368687301e-01 2.012234005011927229e-01
6.384626499243500897e-01 1.438910901003191412e-01
2.001639873191557173e-01 7.874544140476470444e-01
7.639218077427810671e-01 1.350270411241852042e-01
7.606966279782204632e-01 1.359032490821620864e-01
7.551410519687022926e-01 1.892266210105816304e-01
3.528396392194286246e-01 8.501936001713892299e-01
1.759711037993296756e-01 7.323242330176796822e-01
6.728214937391792105e-01 9.362970971845291368e-02
5.568318280186052016e-01 6.218233054736602705e-01
2.138355673502352061e-01 6.857664180130381704e-01
3.884384818755985957e-01 8.777761172432432257e-01
7.064083661806022096e-01 3.102402345418104890e-01
2.021582148763724218e-01 7.222585662953794339e-01
7.981901428279774002e-01 2.164305829278425630e-01
5.161910752943207337e-01 6.778088310929114568e-01
3.115330058814664294e-01 9.125012465561687103e-01
7.622007975359623710e-01 1.129391287910284647e-01
2.890216531567840752e-01 7.881373039384881318e-01
5.264878255458583789e-01 1.453567776018829527e-01
2.349913577050769808e-01 3.881973828641281377e-01
1.309214726517852478e-01 5.351059304873782008e-01
3.167761322562172577e-01 3.170811078115444159e-01
6.241298759926506845e-01 9.139422549724364464e-02
7.181863518884926689e-01 1.908333269318486236e-01
5.758580981379697317e-01 6.382503491647096849e-01
3.198345419393017197e-01 8.679824497795904925e-01
5.261924588030432171e-01 6.469751175835299906e-01
7.125978238358035011e-01 2.916946429307137323e-01
5.796629466306875145e-01 1.858428016296793106e-01
2.540973020655533099e-01 6.442664378462660268e-01
4.684760412722280831e-01 7.200286204979594595e-02
7.732389324015694898e-01 1.947935569651059184e-01
7.996789960449305346e-01 1.293685708780100974e-01
4.601008378868195470e-01 6.019560849549341341e-01
5.952540037091547109e-01 7.471833427343446132e-01
6.457014166924410770e-01 7.404676276666441459e-02
3.211820937183706426e-01 9.223504179752166632e-01
2.918635989127013608e-01 7.161653303279053029e-01
6.662539980708636067e-01 2.597658374001804785e-02
2.454022529248180984e-01 3.884705621955951704e-01
2.643226860087960484e-01 8.212476097433788480e-01
7.655950884794955336e-01 1.336010210746053362e-01
2.936892177627475342e-01 7.305246065450010651e-01
5.764868282335227079e-01 7.544435492693029044e-01
2.335188379301919581e-01 7.622301743487567283e-01
7.812280733724931148e-01 1.290484168620898153e-01
7.725549941334838300e-01 2.074374558513896460e-01
1.598650522648785710e-01 4.416181587091898009e-01
1.954506203615447857e-01 7.010323341140241027e-01
5.000206864766800763e-01 5.915344554432208080e-01
5.822726509648986637e-01 7.842419072879346365e-01
3.351317840376296098e-01 7.548110346198895204e-01
5.339094961782153703e-01 6.323227625845091460e-01
7.351704142931183572e-01 2.151996108162912147e-01
7.714542451470309814e-01 2.476793460469240982e-01
5.888773716402888603e-01 6.312600463516727656e-01
3.918839522607844850e-01 8.641346714556589204e-01
5.207431812460796561e-01 6.756988322184097617e-01
4.464242802791661968e-01 6.866680134757372489e-01
3.053697331184084818e-01 8.152177714748455317e-01
3.961978671846555500e-01 8.619667748131698559e-01
3.735780604401765514e-01 8.448018363037674838e-01
7.098308164273614551e-01 2.091098567132849972e-01
6.088141875545933779e-01 7.056366843252472876e-01
5.243074005668667548e-01 9.623770306014607645e-02
5.681535898003282625e-01 1.440816449389110410e-01
7.144557631377430607e-01 2.571393779312813876e-01
7.803708191546417927e-01 2.478443191943337509e-01
5.160073445882386034e-01 6.976082815495640022e-01
2.793176046640738486e-01 8.010768538993782162e-01
6.453156596504544540e-01 1.980870892912833248e-01
3.543838840943628332e-01 7.588186001838316264e-01
2.701959476711062735e-01 7.904051099957118964e-01
7.162433676518358272e-01 1.079677790121500447e-01
5.311343113086455237e-01 7.193955553532568326e-01
2.851898741177845142e-01 8.142782048058082589e-01
6.821912728304349027e-01 2.761156862390195532e-01
7.052645807242508003e-01 1.995323327636903121e-01
6.431002942263007727e-01 2.315216022130784090e-01
3.141970374123422283e-01 8.630069654413252689e-01
4.572746199299758674e-01 5.134147675189221216e-01
7.077971446028831215e-01 1.633382369846397286e-01
6.812817329045569581e-01 2.495731339907630159e-02
8.509817126118983666e-01 1.040460309820549489e-01
7.602643710382008813e-01 1.546017792790552181e-01
8.977298179212327423e-01 2.384088832786593615e-01
3.061729397127161412e-01 7.480518399969190435e-01
5.128446265405904869e-01 5.793424272458154167e-01
2.789523185451679987e-01 7.905712026506065415e-01
4.976020589790728366e-01 6.163081860161438996e-01
4.361611262095436703e-01 8.379838822628479234e-01
4.860312496847873365e-01 5.972363142492890242e-01
3.999314039698161904e-01 8.702963075252271308e-01
2.710371359676852498e-01 8.490429394142996466e-01
4.808538825555458973e-01 5.370365777753927095e-01
5.779060448287806073e-01 6.566511775786182392e-01
1.483708981564190732e-01 3.844430228946087436e-01
4.932121805850379070e-01 2.797571280155717321e-01
6.874266353997715573e-01 3.120064049401875539e-01
6.620969227110554689e-01 3.167573857301707041e-01
3.088917615549877649e-01 8.240066142603449384e-01
1.951956328401815433e-01 4.098577715848666370e-01
7.796073129134578616e-01 1.534395542608078256e-01
5.812271388780003711e-01 7.241093327480272457e-01
4.328853415675535943e-01 9.059767095170696560e-01
5.160692317124243589e-01 5.421809301897021482e-01
7.946382220373584548e-01 1.853855551512202660e-01
5.976832919136721989e-01 6.931892475400519560e-01
6.240089621820924526e-01 7.640608528996140070e-01
1.477912932609389551e-01 4.954344405886934588e-01
7.652050564722215897e-01 2.555573186807985064e-01
2.868352220360925742e-01 8.553997819428388327e-01
7.850358967647929065e-01 1.754687692178086567e-01
2.462546661811766957e-01 4.264178354287913031e-01
2.940746664106753117e-01 8.316734410103744368e-01
4.673843411254249847e-02 3.923509039041066515e-01
6.964004855809521333e-01 1.718172962064481446e-01
5.813150477373661973e-01 1.428382451204715520e-01
3.796299652656922596e-01 8.051663839470407646e-01
8.375370171499701977e-01 1.906487758602501137e-01
8.410280038418882498e-01 1.914609234996254572e-01
5.629095524963907415e-01 1.474502757808615894e-01
3.321073710787056377e-01 5.028655738532804564e-01
5.412234181259441002e-01 7.782560212892854212e-02
2.052770961691899598e-01 7.374817009093739273e-01
3.512581223568069788e-01 9.307340825875826118e-02
5.426742156353107083e-01 6.328685575724949386e-01
4.348115510455184407e-01 5.926909174609712450e-01
3.225498325429023705e-01 7.816402866196856536e-01
1.973182246526671013e-01 7.527104945522548052e-01
9.013536959302205220e-01 2.188507428998092141e-01
4.152705843759244009e-01 8.051445780971211441e-01
1.247998501894415913e-01 6.588021225236410094e-01
2.982398389516028106e-02 3.439174662422659345e-01
1.333889263221941512e-01 4.107233877519416709e-01
7.179003745254182167e-01 1.996535093528110927e-01
5.876030165020595941e-01 1.563030313754361078e-01
3.669152997999759469e-01 8.562981809802253652e-01
9.527192884238454562e-01 1.562467567681921354e-01
3.282145295380942129e-01 8.024165340939545255e-01
2.839730815434956535e-01 8.178959420306374239e-01
6.689024154367401165e-01 2.801031712672529816e-01
6.410657933917064399e-01 1.739240364298441088e-01
2.034364187003702418e-01 4.257813537940240978e-01
4.416536930027915586e-01 5.461822625668016906e-01
4.700535179572122302e-01 9.691956373177576523e-02
5.280175775548615613e-01 5.675502425224175640e-02
8.106383600917290710e-01 2.198355510031499149e-01
5.111556978922481287e-01 6.715332313010166088e-01
8.018977967279834473e-01 1.225497140611711694e-01
3.181383502585601875e-01 7.752265440998383772e-01
7.799427083727741294e-01 2.469971428494911470e-01
2.774144173791833201e-01 8.334350590348306165e-01
2.833932662698893101e-01 7.452974522353372766e-01
4.147789822624435296e-01 9.816679450246543759e-01
5.649132126400661091e-01 5.611940572750480083e-01
5.640235161525937180e-01 6.243523978419858178e-01
3.392607625019093409e-01 9.079878760490018852e-01
5.067500166364211633e-01 6.338698966300240212e-01
2.508363116185222674e-01 6.757657598166332269e-01
6.057370984776694334e-01 1.618671918696062972e-01
6.241196925035457088e-01 1.367816713177089083e-01
5.007892678964157573e-01 1.238105098307057672e-01
8.924037692613084882e-01 2.209045806256508815e-01
9.284962774691263299e-01 1.972601884097910097e-01
5.576580583358865528e-01 1.942409812336014230e-01
2.482374380472494035e-01 3.450452573441225579e-01
2.667000118760937122e-01 7.740632137789953404e-01
5.856562669788549780e-01 2.246065625301476854e-01
4.164000821308175282e-01 8.539628824443286081e-01
4.512618570600819279e-01 9.104719515559249743e-01
3.577063700346887476e-01 8.003738784678527951e-01
8.192491026849865188e-01 2.083303348193977222e-01
7.250205322003927533e-01 1.948881562863602201e-01
3.379139170360221378e-01 9.172547827447017355e-01
2.531760768618481205e-01 7.633859474238121612e-01
6.426998042555585045e-01 1.173149835931506513e-01
2.604934079970180894e-01 8.624739763692155226e-01
3.337614850237101138e-01 6.927997269658274782e-01
5.125129461668523900e-01 6.229786381518188643e-01
2.517596628515679225e-01 9.130213112444319767e-01
7.354283623929807057e-01 1.877699252492270598e-01
8.164187235054433112e-01 2.404540196602469870e-01
7.102951656823748294e-01 9.998263256136180610e-02
4.911903240093469236e-01 1.676728398287765653e-01
5.233650649422666445e-01 7.244897386751362189e-01
5.926467594125539584e-01 5.696041398181599380e-01
4.524000297090373102e-01 8.052002341118624784e-01
7.356762079793218723e-01 2.685085759124935523e-01
5.996458284977214115e-01 6.261105295368237789e-01
4.495346787463541660e-01 8.199898764182381727e-01
6.641185167617467133e-01 2.503800465637421868e-01
8.019324384828638852e-01 2.715592811458701350e-01
1.262318382016386631e-01 5.194467719775980319e-01
6.040465967970926053e-01 1.889233783093411945e-01
5.043750333548984166e-01 6.136979208711130784e-01
1.440383423462071044e-01 3.950078478520466230e-01
7.363738683332627932e-01 1.667946541716124331e-01
8.918816897186718773e-01 2.122013391033540086e-01
2.834721843343780967e-01 7.812203049771244689e-01
7.009584393673160552e-01 1.653767624724943597e-01
3.932945465412542863e-01 8.232579303360595402e-01
7.816365740976862764e-01 2.783360000741454954e-01
4.257219222792862912e-01 6.235397748566043896e-01
2.314268783092478521e-01 5.240144853593017293e-01
2.900516503585626737e-01 8.364663920424891819e-01
3.274976584186278239e-01 8.881371774646097395e-01
3.531773285682051067e-01 9.202807685625952194e-01
6.373100742699346899e-01 2.056655479716603396e-01
7.021432612450099198e-01 1.033549865642261062e-01
6.940900973127511753e-01 2.256646946068384119e-01
5.758360472069413705e-01 7.425311276354810142e-01
4.507518657980756349e-01 8.403591635654555914e-01
4.078204886451116118e-01 1.590977677756893749e-01
5.402400012879567948e-01 6.616295813880269661e-01
6.154723757052936728e-01 1.325995574314051129e-01
6.629782988043422254e-01 2.084362271737395522e-01
4.582076197850259436e-01 2.580584964597332776e-01
5.084301951105201223e-01 7.166789096304956308e-01
6.038892096516643715e-01 1.173364233304126508e-01
1.855319516273889191e-01 8.560551125265758454e-01
3.538396625742042390e-01 7.870737180487501483e-01
5.899166854885266043e-01 7.135009661274215320e-01
2.997713886767133240e-01 8.279918189668723505e-01
6.048841393862721683e-01 1.940153279685516430e-01
5.677020993094555878e-01 7.291188780732358321e-01
2.366241807364065364e-01 8.862646953189173837e-01
7.840876385400536996e-01 2.724964939025992794e-01
7.201409420022121255e-01 1.123423521187214558e-01
7.615822196413767342e-01 1.694205774454102809e-01
6.563135506174101463e-01 1.541556159350015998e-01
3.470192212495173956e-01 7.275625121042686994e-01
3.578710598761294381e-01 7.778794116756163612e-01
6.441195280647236121e-01 6.718929790664159851e-01
6.220538402908792897e-01 2.326254697474856026e-01
1.599454051776804386e-01 4.025948325093354763e-01
3.553586965400393760e-01 9.369706786694214085e-01
8.252489355392588211e-01 1.266276274008369951e-01
5.946563292121363059e-02 3.184348478007941186e-01
5.384049812941555935e-01 1.094241633001393349e-01
2.738100957353629128e-01 8.518277543727940104e-01
7.184365394993083020e-01 3.913545415872938388e-02
3.095182371682489442e-01 8.518485319942294964e-01
3.352711185343197342e-01 7.845896070001527889e-01
4.842020399951609266e-01 6.000703668230104038e-01
7.438630971363798805e-01 2.294335918696518428e-01
2.186614615078376067e-01 7.665566874876578174e-01
2.013828038937017229e-01 8.068164218271848265e-01
2.481689484860506167e-01 7.097236384146669019e-01
2.199546532959038847e-01 3.498836772673649675e-01
5.601275050008457379e-01 7.013520608937179324e-01
3.238952889744498576e-01 7.469530147489027438e-01
2.637864591219848398e-01 8.643818897524281342e-01
5.720052149136000130e-01 6.464946699456963763e-01
6.478015471650802048e-01 1.257716085673955819e-01
5.557372000417672986e-01 6.701485364767575392e-01
5.308098603419242334e-01 1.069856210338855085e-01
8.757705856481683426e-01 2.928511392917309553e-01
6.869527982505170272e-01 1.242396310975600882e-01
5.386383522836283300e-01 7.159800166559169288e-01
7.180923853776923771e-01 2.119034627159322448e-01
5.336490298111412622e-01 2.205139452732496896e-01
1.892915416310129995e-01 3.496701142480627134e-01
8.254808486819517066e-01 1.300659184387591982e-01
1.997594213467343283e-01 3.392338173274982993e-01
5.554716840013782519e-01 5.955329063094676467e-01
2.116733060323685023e-01 7.592973747776043947e-01
6.716529904978162380e-01 1.574594083290160873e-01
5.786877800742972200e-01 6.812588357875429823e-01
5.334517326311682961e-01 1.909787134708565426e-01
8.546007866785081397e-01 1.599930539235256965e-01
4.116972665982956969e-01 9.847938768921790098e-01
4.782930560602236536e-01 9.015313018120671984e-01
6.084914752073409261e-01 2.571076908087430724e-01
2.041780614440891761e-01 7.321309436493431688e-01
5.363854781176592423e-01 4.385970710137411244e-01
4.512848361277960740e-01 6.370885365072859186e-01
5.855473508910099545e-01 6.211898736739076554e-01
4.591755990951666422e-01 6.496527428063080256e-01
6.994002835959215458e-01 2.237471947740013178e-01
3.730632431634939294e-01 8.788323854348724096e-01
8.559027292864007652e-01 1.897319387218170117e-01
7.645626929401935779e-02 4.041164183289451817e-01
2.774901625830591412e-01 7.885139236683880171e-01
6.425245549444612569e-01 1.396966700344137446e-01
5.628198350348098122e-01 6.682923697880191471e-02
5.712189160325059634e-01 7.066431413540207318e-01
4.938990812290157129e-01 5.880975467717369787e-01
7.406042548205316045e-01 1.069377487304897095e-01
2.695986994691429994e-01 7.243172164166201688e-01
6.504369313860153268e-01 1.121588539019945929e-01
4.569839396148949739e-01 1.131343682073491091e-01
4.945743461157356413e-01 5.639576677269851901e-01
2.919366267058188802e-01 7.676780522648835037e-01
7.044642623334309572e-01 1.540495985982961169e-01
3.733625296262683690e-01 9.384919518652885539e-01
3.073141155450546114e-01 8.357486765657450301e-01
2.665519032995681825e-01 4.638736736843171449e-01
5.321281595528573050e-01 1.057316430382195249e-01
1.000000000000000000e+00 2.421129819064477273e-01
1.430814668755175101e-01 4.065278070449267478e-01
5.963141955939300631e-01 0.000000000000000000e+00
2.936845389326068756e-01 7.609877753291387492e-01
3.686565471734298272e-01 8.505634906681851515e-01
3.031089380756895602e-01 6.690561391591866025e-01
0.000000000000000000e+00 3.637204481344418205e-01
2.321340310795374506e-01 8.825484320055936305e-01
6.833738117520316013e-01 1.788321040069192625e-01
2.614440911001050249e-01 8.539581714538180268e-01
9.079013390008908724e-01 3.006569130559074154e-01
6.915913740857905223e-01 1.917902495252980233e-01
8.489817463960264154e-02 3.344774270302198760e-01
5.560479320706223083e-01 6.788383795067767235e-01
2.838035927709174899e-01 8.115741290678055719e-01
4.272103533453109336e-01 7.846766603772030724e-01
6.841581553991469278e-01 1.677202316071433330e-01
7.845384144740517041e-01 1.802814836279640620e-01
5.531716262749254431e-01 6.646844326991401264e-01
5.004292089183991488e-01 5.839834459854084114e-01
4.089210143655079288e-01 7.846767627445087046e-01
5.701683739965378583e-01 1.355053253211361275e-01
8.958190349032709721e-01 8.264152873550216494e-02
5.239320330441521456e-01 6.394663443258985502e-01
6.355147688572154729e-01 3.139187014909907703e-01
6.447204861587919611e-01 1.549346954341617177e-01
5.882908806007159930e-01 2.269377723738439101e-01
1.605454739450536961e-01 7.298553332880149958e-01
2.281095756599907931e-01 7.668144483101536624e-01
5.009172134353243599e-01 5.839309037496015486e-01
5.361465875829917183e-01 6.996483991261370772e-01
2.827747918482428902e-01 7.905363687604332057e-01
3.637049069880267660e-01 7.785164288111844355e-01
5.515376169232453218e-01 6.426324790440889334e-01
3.093509585477595691e-01 9.255883558323482196e-01
1.276863759693894762e-01 4.619537685626513013e-01
4.278066216071182981e-01 6.474500235098250567e-01
5.097561159239457629e-01 5.646140149123549667e-01
2.696782651299979294e-01 7.755061276550030414e-01
3.122446578787392846e-01 8.454178961605164355e-01
6.480967792175393871e-01 1.113573052979275613e-01
2.403180594586292740e-01 8.524066742362315097e-01
9.046877622560002552e-02 3.576200670117302138e-01
7.755963859498882229e-01 1.635147865995406624e-01
5.884103544966691191e-01 7.486632793061797075e-01
7.173316139916838807e-01 2.916608291679008702e-01
7.601806904002178511e-01 1.406000018848967414e-01
5.449801503108054890e-01 6.264527877540415624e-01
2.184525197633247484e-01 4.992812764400496039e-01
6.922542012666622613e-01 5.643148015613996815e-02
7.345258290291957204e-01 1.394738949874562151e-01
3.679186347331926954e-01 8.456709909442226003e-01
5.487404788890233309e-01 4.305568466904090286e-02
6.235953201573958271e-01 6.527064242568382246e-01
7.441500249953321156e-01 1.777815872187891166e-01
2.337962078619238437e-01 8.153433533175385994e-01
5.679374747431664705e-01 2.312163377897037131e-01
8.496613203332382680e-01 1.680398827572973652e-01
5.653356776415217055e-01 6.509620489023987266e-01
6.564245966921349318e-01 2.223004961891754672e-01
3.791744664513957974e-01 7.888869237952413904e-01
5.214809067951777788e-01 6.338872929944862067e-01
